{
    "140471653623568": [
        [
            0.984807753012208,
            0.17101007166283433,
            0.030153689607045803,
            0.0,
            -0.17364817766693033,
            0.9698463103929541,
            0.17101007166283433,
            0.0,
            0.0,
            -0.17364817766693033,
            0.984807753012208,
            0.0,
            0.8682408883346516,
            -4.84923155196477,
            -0.8550503583141716,
            1.0
        ],
        [
            0.9847091166214128,
            0.17154447035270412,
            0.030338924405572155,
            0.0,
            -0.1742066463791689,
            0.9696610742085814,
            0.17149182348433717,
            0.0,
            0.0,
            -0.17415480428650276,
            0.9847182866911378,
            0.0,
            0.8710332318958446,
            -4.848305371042907,
            -0.8574591174216859,
            1.0
        ],
        [
            0.9844146451261897,
            0.17312858903442288,
            0.03089171604213478,
            0.0,
            -0.17586303324200336,
            0.9691082622292309,
            0.1729201249651476,
            0.0,
            0.0,
            -0.17565781433796265,
            0.9844512848597485,
            0.0,
            0.8793151662100168,
            -4.845541311146154,
            -0.8646006248257382,
            1.0
        ],
        [
            0.9839293903276283,
            0.17570313041967833,
            0.03180196236440872,
            0.0,
            -0.17855798735845385,
            0.9681979313836887,
            0.17524214908190375,
            0.0,
            0.0,
            -0.17810439529969901,
            0.9840115976831414,
            0.0,
            0.8927899367922693,
            -4.840989656918444,
            -0.8762107454095188,
            1.0
        ],
        [
            0.983264218510008,
            0.17916273409068764,
            0.03304831782485764,
            0.0,
            -0.18218528095843323,
            0.9669513628929738,
            0.17836363194753926,
            0.0,
            0.0,
            -0.18139949424562918,
            0.98340948921974,
            0.0,
            0.9109264047921661,
            -4.834756814464869,
            -0.8918181597376963,
            1.0
        ],
        [
            0.982439446308669,
            0.18334710518270061,
            0.03459152147332684,
            0.0,
            -0.18658170954494954,
            0.9654077505094091,
            0.18214044284465367,
            0.0,
            0.0,
            -0.18539610103097148,
            0.9826638721976675,
            0.0,
            0.9329085477247477,
            -4.827038752547046,
            -0.9107022142232684,
            1.0
        ],
        [
            0.9814896617348404,
            0.18803081274818592,
            0.03636560689559747,
            0.0,
            -0.19151512709869287,
            0.9636330121580443,
            0.18636891900632405,
            0.0,
            0.0,
            -0.1898837311000363,
            0.9818065841414637,
            0.0,
            0.9575756354934644,
            -4.818165060790222,
            -0.9318445950316202,
            1.0
        ],
        [
            0.9804690555101812,
            0.19291441195550746,
            0.03826827467804058,
            0.0,
            -0.19667341250655412,
            0.9617294420923067,
            0.19077748563666302,
            0.0,
            0.0,
            -0.19457777332645457,
            0.9808870934655624,
            0.0,
            0.9833670625327706,
            -4.808647210461533,
            -0.9538874281833151,
            1.0
        ],
        [
            0.9794559051325197,
            0.19762052617891473,
            0.04015292683984015,
            0.0,
            -0.20165844862300383,
            0.9598436993988342,
            0.1950229289681702,
            0.0,
            0.0,
            -0.19911353634830936,
            0.9799764281057328,
            0.0,
            1.0082922431150192,
            -4.79921849699417,
            -0.9751146448408511,
            1.0
        ],
        [
            0.9785541429888631,
            0.20169870849862712,
            0.04182607116760363,
            0.0,
            -0.20598977945357289,
            0.9581694167565222,
            0.19869468929272963,
            0.0,
            0.0,
            -0.2030492545725096,
            0.9791685249320201,
            0.0,
            1.0299488972678645,
            -4.790847083782611,
            -0.9934734464636481,
            1.0
        ],
        [
            0.9778896614541777,
            0.20464151203771178,
            0.0430541702039753,
            0.0,
            -0.20912151974637572,
            0.9569403434363537,
            0.20132900705780005,
            0.0,
            0.0,
            -0.20588110805713228,
            0.9785770124753429,
            0.0,
            1.0456075987318787,
            -4.784701717181768,
            -1.0066450352890004,
            1.0
        ],
        [
            0.9775997300735044,
            0.20591096453488697,
            0.04358259336620255,
            0.0,
            -0.21047272450417712,
            0.956411353645424,
            0.2024316053829452,
            0.0,
            0.0,
            -0.2070700299474557,
            0.9783261228739422,
            0.0,
            1.0523636225208857,
            -4.78205676822712,
            -1.012158026914726,
            1.0
        ],
        [
            0.9778157828915581,
            0.20497070632115663,
            0.043166008367410025,
            0.0,
            -0.20946669121406666,
            0.956827983053556,
            0.20150413424417565,
            0.0,
            0.0,
            -0.20607576372749437,
            0.9785360389909663,
            0.0,
            1.0473334560703333,
            -4.78413991526778,
            -1.0075206712208784,
            1.0
        ],
        [
            0.9786422092606657,
            0.20131665772183102,
            0.04160564357289232,
            0.0,
            -0.20557097619411993,
            0.9583890796326401,
            0.1980680332297406,
            0.0,
            0.0,
            -0.20239065038833237,
            0.9793048680749973,
            0.0,
            1.0278548809705996,
            -4.7919453981632,
            -0.990340166148703,
            1.0
        ],
        [
            0.9801353463035606,
            0.19450013679552378,
            0.038786591921976844,
            0.0,
            -0.1983297832560693,
            0.9612094351357929,
            0.19168129506952553,
            0.0,
            0.0,
            -0.19556614889201165,
            0.9806905125510023,
            0.0,
            0.9916489162803465,
            -4.806047175678964,
            -0.9584064753476277,
            1.0
        ],
        [
            0.9822867656873809,
            0.1841412587012089,
            0.034708886460945,
            0.0,
            -0.1873838572434251,
            0.9652887078967443,
            0.1819477959515025,
            0.0,
            0.0,
            -0.18522879703482492,
            0.9826954221675359,
            0.0,
            0.9369192862171255,
            -4.826443539483721,
            -0.9097389797575126,
            1.0
        ],
        [
            0.9850133851466325,
            0.16993489001373838,
            0.029508714610950244,
            0.0,
            -0.17247791476583854,
            0.9704902885346481,
            0.16852290282915097,
            0.0,
            0.0,
            -0.17108691655399594,
            0.9852559398369776,
            0.0,
            0.8623895738291927,
            -4.852451442673241,
            -0.8426145141457548,
            1.0
        ],
        [
            0.9881549763683497,
            0.15165406063319492,
            0.02346888518718873,
            0.0,
            -0.15345925413107614,
            0.9765309726656113,
            0.1511208680040218,
            0.0,
            0.0,
            -0.1529323553673925,
            0.9882366592480678,
            0.0,
            0.7672962706553808,
            -4.882654863328057,
            -0.7556043400201089,
            1.0
        ],
        [
            0.991478247492959,
            0.12915586167644616,
            0.017019052350392142,
            0.0,
            -0.13027234836407411,
            0.98298087811028,
            0.12952879417817545,
            0.0,
            0.0,
            -0.1306420937682703,
            0.9914295957534466,
            0.0,
            0.6513617418203705,
            -4.9149043905514,
            -0.6476439708908772,
            1.0
        ],
        [
            0.9946861667798128,
            0.10239326937045433,
            0.010726043283152164,
            0.0,
            -0.10295353134731453,
            0.9892731922964457,
            0.10362973215596534,
            0.0,
            0.0,
            -0.10418334507602052,
            0.9945581082112652,
            0.0,
            0.5147676567365727,
            -4.946365961482228,
            -0.5181486607798267,
            1.0
        ],
        [
            0.9974313840940069,
            0.07143405007373559,
            0.005273567518939238,
            0.0,
            -0.07162844424049551,
            0.9947244309433823,
            0.0734348177641276,
            0.0,
            0.0,
            -0.07362392936014377,
            0.9972860758205604,
            0.0,
            0.3581422212024776,
            -4.973622154716911,
            -0.36717408882063796,
            1.0
        ],
        [
            0.9993331567504341,
            0.03648559368943544,
            0.0014294307753935124,
            0.0,
            -0.036513584036796685,
            0.9985670943951512,
            0.039121811972515935,
            0.0,
            0.0,
            -0.0391479174970334,
            0.9992334264603269,
            0.0,
            0.18256792018398343,
            -4.992835471975757,
            -0.19560905986257968,
            1.0
        ],
        [
            0.9999978414671185,
            -0.0020777526600558203,
            -2.233278619513488e-06,
            0.0,
            0.002077753860278553,
            0.9999972638144113,
            0.0010748500299302783,
            0.0,
            0.0,
            -0.0010748523500344186,
            0.999999422346046,
            0.0,
            -0.010388769301392766,
            -4.999986319072057,
            -0.005374250149651391,
            1.0
        ],
        [
            0.9990435666392004,
            -0.04369066616504702,
            0.0017543223421293873,
            0.0,
            0.04372587285378851,
            0.9982391683826471,
            -0.04008254919407344,
            0.0,
            0.0,
            0.04012092218251485,
            0.9991948316535793,
            0.0,
            -0.21862936426894256,
            -4.991195841913235,
            0.2004127459703672,
            1.0
        ],
        [
            0.9961298839972159,
            -0.08758429565699014,
            0.007365145074066252,
            0.0,
            0.08789342528137757,
            0.9926263994544829,
            -0.083472012664942,
            0.0,
            0.0,
            0.08379631412119677,
            0.996482903887318,
            0.0,
            -0.43946712640688784,
            -4.963131997272415,
            0.41736006332471004,
            1.0
        ],
        [
            0.9909926463251661,
            -0.13279496109940314,
            0.01729373401125648,
            0.0,
            0.1339162982218523,
            0.9826946508074166,
            -0.1279751864427062,
            0.0,
            0.0,
            0.12913838151803475,
            0.9916265821461738,
            0.0,
            -0.6695814911092615,
            -4.913473254037083,
            0.6398759322135309,
            1.0
        ],
        [
            0.9834826694764205,
            -0.17820323405714514,
            0.03170877183222759,
            0.0,
            0.18100231722144863,
            0.9682737493654823,
            -0.17229076426256112,
            0.0,
            0.0,
            0.17518434194095567,
            0.9845356501106064,
            0.0,
            -0.9050115861072432,
            -4.841368746827412,
            0.8614538213128057,
            1.0
        ],
        [
            0.9736038776922917,
            -0.22260753650351664,
            0.0504120425530309,
            0.0,
            0.2282443632218178,
            0.9495593130276915,
            -0.2150386516416193,
            0.0,
            0.0,
            0.22086872964323018,
            0.9753035446802117,
            0.0,
            -1.141221816109089,
            -4.747796565138458,
            1.0751932582080965,
            1.0
        ],
        [
            0.961543441600815,
            -0.2648262819381366,
            0.0728096855458308,
            0.0,
            0.2746528898709427,
            0.9271410713384372,
            -0.25490238116376,
            0.0,
            0.0,
            0.2650971034022016,
            0.9642217202323138,
            0.0,
            -1.3732644493547137,
            -4.635705356692186,
            1.2745119058188001,
            1.0
        ],
        [
            0.9476847489633398,
            -0.3038100167334633,
            0.0979443225240979,
            0.0,
            0.3192077953031407,
            0.9019708280218414,
            -0.29078343971984083,
            0.0,
            0.0,
            0.3068356223289708,
            0.9517625233586334,
            0.0,
            -1.5960389765157035,
            -4.509854140109207,
            1.453917198599204,
            1.0
        ],
        [
            0.9325958777045793,
            -0.338736541563772,
            0.12458926236975755,
            0.0,
            0.36092233082538033,
            0.8752694840683574,
            -0.3219291868878718,
            0.0,
            0.0,
            0.3451968795747241,
            0.938530294839689,
            0.0,
            -1.8046116541269017,
            -4.376347420341786,
            1.609645934439359,
            1.0
        ],
        [
            0.9169919130317923,
            -0.36906425476415594,
            0.15138496388238862,
            0.0,
            0.3989057926807956,
            0.8483931374710493,
            -0.3479989265180792,
            0.0,
            0.0,
            0.3795005403782814,
            0.9251915152294645,
            0.0,
            -1.9945289634039782,
            -4.241965687355246,
            1.7399946325903959,
            1.0
        ],
        [
            0.9016767165957663,
            -0.3945325356016341,
            0.17698355036789,
            0.0,
            0.43241079860368675,
            0.8226917607983406,
            -0.3690517144865306,
            0.0,
            0.0,
            0.40929493652654825,
            0.9124021344416774,
            0.0,
            -2.162053993018434,
            -4.113458803991703,
            1.8452585724326531,
            1.0
        ],
        [
            0.8874750058715949,
            -0.4151156916106367,
            0.20016762108751615,
            0.0,
            0.46085584942931196,
            0.7993926979678023,
            -0.385464914723176,
            0.0,
            0.0,
            0.4343388965017764,
            0.9007495339913417,
            0.0,
            -2.30427924714656,
            -3.9969634898390116,
            1.9273245736158802,
            1.0
        ],
        [
            0.8751664832367047,
            -0.43094931516551205,
            0.21992342844152596,
            0.0,
            0.4838218955556877,
            0.7795273427497399,
            -0.39781087879346744,
            0.0,
            0.0,
            0.4545545178126666,
            0.8907189176929466,
            0.0,
            -2.4191094777784388,
            -3.8976367137486996,
            1.9890543939673373,
            1.0
        ],
        [
            0.8654306609497097,
            -0.4422501729933535,
            0.23546667614653574,
            0.0,
            0.5010287128380455,
            0.7639020473512838,
            -0.40672335925585634,
            0.0,
            0.0,
            0.4699664312904337,
            0.8826842886673207,
            0.0,
            -2.5051435641902273,
            -3.819510236756418,
            2.033616796279282,
            1.0
        ],
        [
            0.858806280154705,
            -0.4492451058787926,
            0.2462328329260557,
            0.0,
            0.5123004715660903,
            0.7531020166310735,
            -0.4127778814076306,
            0.0,
            0.0,
            0.48064143328489983,
            0.8769172210704025,
            0.0,
            -2.5615023578304514,
            -3.7655100831553674,
            2.063889407038153,
            1.0
        ],
        [
            0.8556651526989865,
            -0.4521161752962614,
            0.25184938056723594,
            0.0,
            0.5175298507879716,
            0.7475125455730497,
            -0.4163986644482415,
            0.0,
            0.0,
            0.4866373991447632,
            0.8736040531920742,
            0.0,
            -2.5876492539398583,
            -3.737562727865248,
            2.0819933222412073,
            1.0
        ],
        [
            0.8561980016891385,
            -0.45096275816842785,
            0.2521062725293641,
            0.0,
            0.5166478316063331,
            0.7473435264008512,
            -0.41779501151068593,
            0.0,
            0.0,
            0.48796541300779117,
            0.8728629650226523,
            0.0,
            -2.5832391580316654,
            -3.736717632004256,
            2.0889750575534296,
            1.0
        ],
        [
            0.8604093910434771,
            -0.4457780919614174,
            0.24693637344755623,
            0.0,
            0.5096034534853476,
            0.7526472868694449,
            -0.41692491142155386,
            0.0,
            0.0,
            0.48456573784709694,
            0.8747548489175115,
            0.0,
            -2.5480172674267383,
            -3.763236434347225,
            2.084624557107769,
            1.0
        ],
        [
            0.8681194928397076,
            -0.43643752657065216,
            0.23641241835533955,
            0.0,
            0.4963552620369092,
            0.7633240809574761,
            -0.41348252838384303,
            0.0,
            0.0,
            0.4762967907002058,
            0.8792845768968567,
            0.0,
            -2.481776310184546,
            -3.8166204047873804,
            2.067412641919215,
            1.0
        ],
        [
            0.878971552003681,
            -0.4226973032096542,
            0.2207623170460164,
            0.0,
            0.47687420853747187,
            0.7791130196984966,
            -0.40690771898312494,
            0.0,
            0.0,
            0.46293616449309255,
            0.8863916220296897,
            0.0,
            -2.384371042687359,
            -3.895565098492483,
            2.0345385949156247,
            1.0
        ],
        [
            0.8924449475354543,
            -0.404204919697741,
            0.20040059508540128,
            0.0,
            0.45115630951859714,
            0.7995690866833667,
            -0.3964180369280473,
            0.0,
            0.0,
            0.4441932670724193,
            0.895930991476202,
            0.0,
            -2.255781547592986,
            -3.997845433416833,
            1.9820901846402366,
            1.0
        ],
        [
            0.9078743731495319,
            -0.38052414367110216,
            0.17597016412369154,
            0.0,
            0.4192423196414509,
            0.8240296893193401,
            -0.3810655436298688,
            0.0,
            0.0,
            0.419733781346756,
            0.907647262319649,
            0.0,
            -2.0962115982072547,
            -4.1201484465967,
            1.905327718149344,
            1.0
        ],
        [
            0.9244757071908162,
            -0.3511787117147656,
            0.14838523933463815,
            0.0,
            0.38124095637016797,
            0.8515774143312164,
            -0.3598211230416017,
            0.0,
            0.0,
            0.3892164177412321,
            0.9211463402525587,
            0.0,
            -1.9062047818508399,
            -4.257887071656081,
            1.7991056152080085,
            1.0
        ],
        [
            0.941378616999293,
            -0.31571796698361637,
            0.1188632187862606,
            0.0,
            0.33735189262326415,
            0.8810092654579325,
            -0.33168716393730996,
            0.0,
            0.0,
            0.3523419354845608,
            0.9358713375774437,
            0.0,
            -1.6867594631163207,
            -4.405046327289662,
            1.6584358196865496,
            1.0
        ],
        [
            0.9576650157601079,
            -0.2738045529037481,
            0.08893134654535982,
            0.0,
            0.2878849033714555,
            0.910825953014375,
            -0.2958350312695629,
            0.0,
            0.0,
            0.3089128519900623,
            0.9510903479035868,
            0.0,
            -1.4394245168572775,
            -4.554129765071875,
            1.4791751563478144,
            1.0
        ],
        [
            0.9724114435337179,
            -0.22531874222369486,
            0.06039411301942531,
            0.0,
            0.23327233973334893,
            0.9392563371696725,
            -0.25175692364250785,
            0.0,
            0.0,
            0.2588995895889807,
            0.9659042408596503,
            0.0,
            -1.1663616986667447,
            -4.696281685848362,
            1.2587846182125393,
            1.0
        ],
        [
            0.9847326473734626,
            -0.17046697496054106,
            0.035250867289387706,
            0.0,
            0.17407358558050026,
            0.9643300847905526,
            -0.19941382693031556,
            0.0,
            0.0,
            0.20250555057984923,
            0.9792811148921193,
            0.0,
            -0.8703679279025013,
            -4.821650423952763,
            0.9970691346515779,
            1.0
        ],
        [
            0.9938234942977552,
            -0.10987596589341228,
            0.015560665178247422,
            0.0,
            0.11097234872615709,
            0.9840047328636314,
            -0.13935502689237153,
            0.0,
            0.0,
            0.14022110333670576,
            0.9901202160238104,
            0.0,
            -0.5548617436307854,
            -4.920023664318157,
            0.6967751344618577,
            1.0
        ],
        [
            0.9989973091277766,
            -0.04465128185649392,
            0.0032618068663732855,
            0.0,
            0.04477026195435518,
            0.996342404009635,
            -0.07278349824541137,
            0.0,
            0.0,
            0.07285655084392426,
            0.9973424301608383,
            0.0,
            -0.2238513097717759,
            -4.9817120200481755,
            0.3639174912270569,
            1.0
        ],
        [
            0.9997210616874893,
            0.023617736599300387,
            -3.655633059570109e-05,
            0.0,
            -0.02361776489084519,
            0.9997198641290694,
            -0.0015474001796291614,
            0.0,
            0.0,
            0.001547831929255558,
            0.999998802107442,
            0.0,
            0.11808882445422594,
            -4.998599320645347,
            0.007737000898145807,
            1.0
        ],
        [
            0.9956509509317696,
            0.09291855201361061,
            0.006732503275671455,
            0.0,
            -0.09316213774201935,
            0.9930476791735027,
            0.07195222706391538,
            0.0,
            0.0,
            -0.07226651769536266,
            0.9973853570311657,
            0.0,
            0.4658106887100968,
            -4.965238395867513,
            -0.3597611353195769,
            1.0
        ],
        [
            0.9866733157746624,
            0.16094856246503195,
            0.02390247222930888,
            0.0,
            -0.1627137607525349,
            0.9759694021088776,
            0.14494122329070785,
            0.0,
            0.0,
            -0.14689889852439234,
            0.9891515119597808,
            0.0,
            0.8135688037626745,
            -4.879847010544388,
            -0.7247061164535392,
            1.0
        ],
        [
            0.9729514274235632,
            0.22532360915196045,
            0.050939091405180055,
            0.0,
            -0.23100978307087067,
            0.94900278352875,
            0.21454183037401742,
            0.0,
            0.0,
            -0.22050620855980213,
            0.9753855709341722,
            0.0,
            1.1550489153543533,
            -4.74501391764375,
            -1.072709151870087,
            1.0
        ],
        [
            0.9549676046075026,
            0.28384808762251734,
            0.08641259921590257,
            0.0,
            -0.2967100843419524,
            0.9135709994841231,
            0.2781207557004183,
            0.0,
            0.0,
            -0.29123580146441463,
            0.9566512990350141,
            0.0,
            1.483550421709762,
            -4.567854997420616,
            -1.3906037785020913,
            1.0
        ],
        [
            0.9335392998332479,
            0.3347961896473421,
            0.12812449829938935,
            0.0,
            -0.35847506979823474,
            0.8718748577024702,
            0.3336612905918935,
            0.0,
            0.0,
            -0.3574153660713515,
            0.9339455316537907,
            0.0,
            1.7923753489911736,
            -4.359374288512351,
            -1.6683064529594673,
            1.0
        ],
        [
            0.9097882667729209,
            0.3771210726167927,
            0.17339263603361102,
            0.0,
            -0.41507265585957903,
            0.8266030589489111,
            0.38005535556544734,
            0.0,
            0.0,
            -0.41774044516261877,
            0.9085664095019896,
            0.0,
            2.0753632792978953,
            -4.133015294744555,
            -1.900276777827237,
            1.0
        ],
        [
            0.8850569020731416,
            0.41051967510357873,
            0.21942624374843045,
            0.0,
            -0.4654828461852203,
            0.7805513669620212,
            0.4172113174891431,
            0.0,
            0.0,
            -0.4713949086345462,
            0.8819222415346082,
            0.0,
            2.3274142309261014,
            -3.9027568348101065,
            -2.0860565874457153,
            1.0
        ],
        [
            0.8607867766666341,
            0.4353398402319398,
            0.2636765985496162,
            0.0,
            -0.5089657406111597,
            0.7362671942866764,
            0.4459422535501197,
            0.0,
            0.0,
            -0.5180635502754992,
            0.8553421291366077,
            0.0,
            2.544828703055799,
            -3.6813359714333815,
            -2.229711267750598,
            1.0
        ],
        [
            0.8383880424081683,
            0.4523817828476412,
            0.30406613243600317,
            0.0,
            -0.545073839352981,
            0.6958166948407533,
            0.4676896800592148,
            0.0,
            0.0,
            -0.5578439295434519,
            0.8299458718925713,
            0.0,
            2.7253691967649054,
            -3.4790834742037666,
            -2.338448400296074,
            1.0
        ],
        [
            0.8191273671096985,
            0.46267388953201416,
            0.3390622780511727,
            0.0,
            -0.5736116774019975,
            0.6607062929389423,
            0.4841867800951893,
            0.0,
            0.0,
            -0.5911007244253706,
            0.8065977520324502,
            0.0,
            2.868058387009987,
            -3.303531464694712,
            -2.4209339004759465,
            1.0
        ],
        [
            0.8040495793042284,
            0.46728600980637425,
            0.36762488906483265,
            0.0,
            -0.5945622541170045,
            0.631928981360509,
            0.4971533852806155,
            0.0,
            0.0,
            -0.6183118529964524,
            0.7859328549208854,
            0.0,
            2.9728112705850225,
            -3.1596449068025456,
            -2.4857669264030773,
            1.0
        ],
        [
            0.7939337469346139,
            0.467206054125882,
            0.3890857340824614,
            0.0,
            -0.6080042808059533,
            0.6100790156460779,
            0.5080692759751844,
            0.0,
            0.0,
            -0.6399391358999978,
            0.7684255997450657,
            0.0,
            3.0400214040297664,
            -3.0503950782303897,
            -2.5403463798759223,
            1.0
        ],
        [
            0.789275215646745,
            0.4632742507298997,
            0.4030156356475942,
            0.0,
            -0.6140396029294726,
            0.5954842039568313,
            0.518028888067176,
            0.0,
            0.0,
            -0.6563349232278815,
            0.7544696604578948,
            0.0,
            3.070198014647363,
            -2.9774210197841566,
            -2.5901444403358798,
            1.0
        ],
        [
            0.7902827381858248,
            0.45615434853876513,
            0.4091166142247096,
            0.0,
            -0.6127423550934887,
            0.5883237948249632,
            0.5276570085929302,
            0.0,
            0.0,
            -0.667681303281685,
            0.7444472293239264,
            0.0,
            3.0637117754674437,
            -2.941618974124816,
            -2.6382850429646507,
            1.0
        ],
        [
            0.7968821882878218,
            0.44631956353028884,
            0.4071579855532065,
            0.0,
            -0.6041347349636608,
            0.5887165393379932,
            0.5370605723010065,
            0.0,
            0.0,
            -0.6739522857888604,
            0.7387748753713612,
            0.0,
            3.020673674818304,
            -2.943582696689966,
            -2.6853028615050323,
            1.0
        ],
        [
            0.808722854744908,
            0.43403664331248937,
            0.39696289055184153,
            0.0,
            -0.5881898878876162,
            0.5967721657102704,
            0.5457981660103185,
            0.0,
            0.0,
            -0.6748890090196317,
            0.7379192540546015,
            0.0,
            2.940949439438081,
            -2.9838608285513515,
            -2.7289908300515924,
            1.0
        ],
        [
            0.825187013950269,
            0.4193396580536329,
            0.37844503324961304,
            0.0,
            -0.5648596215059442,
            0.6126011261659332,
            0.5528593566291448,
            0.0,
            0.0,
            -0.6699806798734517,
            0.7423785345740456,
            0.0,
            2.824298107529721,
            -3.0630056308296663,
            -2.7642967831457232,
            1.0
        ],
        [
            0.8454070423064993,
            0.4019945930999605,
            0.35169202427262125,
            0.0,
            -0.5341225822024162,
            0.6362754006290074,
            0.5566567000726923,
            0.0,
            0.0,
            -0.6584481465330382,
            0.7526260946361126,
            0.0,
            2.6706129110120806,
            -3.181377003145037,
            -2.7832835003634613,
            1.0
        ],
        [
            0.8682957661254624,
            0.3814666392450617,
            0.31708936543453214,
            0.0,
            -0.49604683501519925,
            0.6677310374623139,
            0.5550430605645889,
            0.0,
            0.0,
            -0.6392327156463287,
            0.7690133518004872,
            0.0,
            2.480234175075996,
            -3.338655187311569,
            -2.7752153028229443,
            1.0
        ],
        [
            0.8925946262901725,
            0.3569142591040588,
            0.27547603301577456,
            0.0,
            -0.45086010371057156,
            0.7066044369433331,
            0.545376325645043,
            0.0,
            0.0,
            -0.6110011303919135,
            0.7916297232038498,
            0.0,
            2.2543005185528577,
            -3.5330221847166654,
            -2.726881628225215,
            1.0
        ],
        [
            0.9169413204117826,
            0.32724636735623697,
            0.2283165127047175,
            0.0,
            -0.39902207322590144,
            0.7520027996388778,
            0.5246648210179458,
            0.0,
            0.0,
            -0.572190182008951,
            0.8201209640123605,
            0.0,
            1.995110366129507,
            -3.7600139981943888,
            -2.6233241050897287,
            1.0
        ],
        [
            0.9399560264398558,
            0.29128759872026067,
            0.17786006631951287,
            0.0,
            -0.3412955733076495,
            0.8022299591840818,
            0.4898412234878861,
            0.0,
            0.0,
            -0.5211320633191655,
            0.8534760527283172,
            0.0,
            1.7064778665382474,
            -4.011149795920409,
            -2.449206117439431,
            1.0
        ],
        [
            0.9603453410265042,
            0.24809247793181202,
            0.12722793860760642,
            0.0,
            -0.2788132456837148,
            0.8545306186629736,
            0.4382243669614779,
            0.0,
            0.0,
            -0.45631956364057946,
            0.8898159673993669,
            0.0,
            1.3940662284185739,
            -4.272653093314869,
            -2.191121834807389,
            1.0
        ],
        [
            0.9770247682726294,
            0.19741145688018266,
            0.08032010255383576,
            0.0,
            -0.2131257895746428,
            0.9049861271958922,
            0.3682085107668826,
            0.0,
            0.0,
            -0.3768671201835259,
            0.9262673338321803,
            0.0,
            1.065628947873214,
            -4.524930635979461,
            -1.8410425538344128,
            1.0
        ],
        [
            0.9892563225076947,
            0.1402086245535598,
            0.0413940814531615,
            0.0,
            -0.14619141007101635,
            0.9487716702529809,
            0.28010781736113144,
            0.0,
            0.0,
            -0.283149888444562,
            0.9590756699415496,
            0.0,
            0.7309570503550817,
            -4.743858351264905,
            -1.400539086805657,
            1.0
        ],
        [
            0.996775642529179,
            0.07896630583348144,
            0.014235202968535149,
            0.0,
            -0.08023913297476686,
            0.9809638678433493,
            0.17683769825824353,
            0.0,
            0.0,
            -0.17740973064865687,
            0.9841370775817619,
            0.0,
            0.4011956648738343,
            -4.904819339216747,
            -0.8841884912912177,
            1.0
        ],
        [
            0.9998474471530303,
            0.01743091832025604,
            0.001116023333449249,
            0.0,
            -0.017466608759809123,
            0.9978044063220572,
            0.06388493016916014,
            0.0,
            0.0,
            -0.06389467748411655,
            0.9979566474497781,
            0.0,
            0.08733304379904562,
            -4.989022031610286,
            -0.3194246508458007,
            1.0
        ],
        [
            0.9991859066282135,
            -0.04028838047374427,
            0.002090548817355643,
            0.0,
            0.040342582906340116,
            0.9978434465561733,
            -0.05177771885031588,
            0.0,
            0.0,
            0.05181990509157754,
            0.9986564461496756,
            0.0,
            -0.2017129145317006,
            -4.989217232780867,
            0.2588885942515794,
            1.0
        ],
        [
            0.9957516437994058,
            -0.09083118934459701,
            0.015111548994965876,
            0.0,
            0.09207966046191356,
            0.9822506473679709,
            -0.1634166511541003,
            0.0,
            0.0,
            0.16411386531139946,
            0.9864414018138897,
            0.0,
            -0.4603983023095678,
            -4.911253236839855,
            0.8170832557705016,
            1.0
        ],
        [
            0.9905274342597422,
            -0.13227317859048915,
            0.036867440979551705,
            0.0,
            0.13731497361472333,
            0.9541582302468541,
            -0.26594486209246326,
            0.0,
            0.0,
            0.2684881335883581,
            0.9632829917123212,
            0.0,
            -0.6865748680736167,
            -4.7707911512342704,
            1.3297243104623164,
            1.0
        ],
        [
            0.984370829481094,
            -0.1641586811725436,
            0.06376517436966786,
            0.0,
            0.1761081203883085,
            0.9175784557579495,
            -0.3564206888806454,
            0.0,
            0.0,
            0.36207969416213875,
            0.9321471423951543,
            0.0,
            -0.8805406019415425,
            -4.587892278789747,
            1.7821034444032267,
            1.0
        ],
        [
            0.9779628386032627,
            -0.18711746183500275,
            0.0926053010765317,
            0.0,
            0.2087790370488589,
            0.8764956803856335,
            -0.4337817837971953,
            0.0,
            0.0,
            0.4435565102010698,
            0.8962464071103706,
            0.0,
            -1.0438951852442944,
            -4.382478401928167,
            2.1689089189859763,
            1.0
        ],
        [
            0.9718162938609897,
            -0.20239604440197337,
            0.1208674157774751,
            0.0,
            0.23573945572663607,
            0.83436085468414,
            -0.49826586596360467,
            0.0,
            0.0,
            0.5127161060286539,
            0.858558206890374,
            0.0,
            -1.1786972786331804,
            -4.1718042734207,
            2.4913293298180235,
            1.0
        ],
        [
            0.9663044672674177,
            -0.21148308944759162,
            0.14673302088055698,
            0.0,
            0.25740178037269285,
            0.793922457680104,
            -0.5508461261115951,
            0.0,
            0.0,
            0.5700544132527047,
            0.8216069412627395,
            0.0,
            -1.2870089018634643,
            -3.96961228840052,
            2.754230630557976,
            1.0
        ],
        [
            0.9616885486494572,
            -0.21586602753024173,
            0.16898814619615654,
            0.0,
            0.27414436962392763,
